function f = df1(x)
f = 2400*x^3 - 1650*x^2 + 400*x - 20;
end
