function f = f1(x)
f = 600*x^4 - 550*x^3 + 200*x^2 - 20*x -1;

